1           གཅིག
2           གཉིས
3           གསུམ
4           བཞི
5           ལྔ
6           དྲུག
7           བདུན
8           བརྒྱད
9           དགུ
10          བཅུ་ཐམ་པ།      整十的特殊读法
11          བཅུ་གཅིག
12          བཅུ་གཉིས
13          བཅུ་གསུམ
14          བཅུ་བཞི
15          བཅོ་ལྔ
16          བཅུ་དྲུག
17          བཅུ་བདུན
18          བཅོ་བརྒྱད
19          བཅུ་དགུ
20          ཉི་ཤུ        རྩ་
30          སུམ་ཅུ       སོ་
40          བཞི་བཅུ      ཞེ་
50          ལྔ་བཅུ       ང་
60          དྲུག་ཅུ      རེ་
70          བདུན་ཅུ      དོན་
80          བརྒྱད་ཅུ     གྱ་
90          དགུ་བཅུ       གོ་
100         བརྒྱ་ཐམ་པ      དང་
21-29      21, 22, 23...29    ཉི་ཤུ་རྩ་གཅིག, ཉི་ཤུ་རྩ་གཉིས, ཉི་ཤུ་རྩ་གསུམ...ཉི་ཤུ་རྩ་དགུ
41-49      41, 42, 43...49    བཞི་བཅུ་ཞེ་གཅིག, བཞི་བཅུ་ཞེ་གཉིས, བཞི་བཅུ་ཞེ་གསུམ...བཞི་བཅུ་ཞེ་དགུ
51-59      51, 52, 53...59    ལྔ་བཅུ་ང་གཅིག, ལྔ་བཅུ་ང་གཉིས, ལྔ་བཅུ་ང་གསུམ...ལྔ་བཅུ་ང་དགུ
61-69      61, 62, 63...69    དྲུག་ཅུ་རེ་གཅིག, དྲུག་ཅུ་རེ་གཉིས, དྲུག་ཅུ་རེ་གསུམ...དྲུག་ཅུ་རེ་དགུ
71-79      71, 72, 73...79    བདུན་ཅུ་དོན་གཅིག, བདུན་ཅུ་དོན་གཉིས, བདུན་ཅུ་དོན་གསུམ...བདུན་ཅུ་དོན་དགུ
81-89      81, 82, 83...89    བརྒྱད་ཅུ་གྱ་གཅིག, བརྒྱད་ཅུ་གྱ་གཉིས, བརྒྱད་ཅུ་གྱ་གསུམ...བརྒྱད་ཅུ་གྱ་དགུ
91-99      91, 92, 93...99    དགུ་བཅུ་གོ་གཅིག, དགུ་བཅུ་གོ་གཉིས, དགུ་བཅུ་གོ་གསུམ...དགུ་བཅུ་གོ་དགུ
100-199    100,101,103...199    བརྒྱ་ཐམ་པ, བརྒྱ་དང་གཅིག, བརྒྱ་དང་གསུམ, བརྒྱ་དང་དགུ་བཅུ་གོ་དགུ 
200-299    200,201,202,210,211...299    ཉིས་བརྒྱ, ཉིས་བརྒྱ་དང་གཅིག, ཉིས་བརྒྱ་དང་གཉིས, ཉིས་བརྒྱ་བཅུ།, ཉིས་བརྒྱ་བཅུ་གཅིག, ཉིས་བརྒྱ་གོ་དགུ
300-399    300,301,310...399    སུམ་བརྒྱ, སུམ་བརྒྱ་དང་གཅིག, སུམ་བརྒྱ་བཅུ་ཐམ་པ, སུམ་བརྒྱ་གོ་དགུ
900-999    900,999              དགུ་བརྒྱ, དགུ་བརྒྱ་གོ་དགུ
1000-1999  1000,1099,1786,1999      སྟོང་གཅིག,སྟོད་གཅིག་དགུ་བཅུ་གོ་དགུ,སྟོང་གཅིག་བདུན་བརྒྱ་བརྒྱད་ཅུ་གྱ་དྲུག,སྟོང་གཅིག་དགུ་བརྒྱ་དགུ་བཅུ་གོ་དགུ
10000,20000,99999  ཁྲི་གཅིག,ཁྲི་གཉིས,ཁྲི་དགུ་སྟོང་དགུ་དགུ་བརྒྱ་དགུ་བཅུ་གོ་དགུ།
1     个            1                གཅིག       
2     十            10               བཅུ་ཐམ་པ།        
3     百            100              བརྒྱ་ཐམ་པ།       
4     千            1,000            སྟོང་གཅིག       
5     万            10,000           ཁྲི་གཅིག        
6     十万          100,000          འབུམ་གཅིག       
7     百万          1,000,000        ས་ཡ་གཅིག       
8     千万          10,000,000       བྱེ་བ་གཅིག       
9     亿            100,000,000      དུང་ཕྱུར་གཅིག
      十亿         1,000,000,000        ཐེར་འབུམ  
11    百亿         10,000,000,000      ཐེར་འབུམ་ཆེན་པོ
12    千亿         100,000,000,000      ཁྲག་ཁྲིག     
13    万亿         1,000,000,000,000    ཁྲག་ཁྲིག་ཆེན་པོ 
14    十万亿        10,000,000,000,000   རབ་བཀྲམ    
10,000,000,000,000 རབ་བཀྲམ
100,000,000,000,000 རབ་བཀྲམ་ཆེན་པོ
1,000,000,000,000,000 གཏམས
10,000,000,000,000,000 གཏམས་ཆེན་པོ
100,000,000,000,000,000 དཀྲིགས
1,000,000,000,000,000,000 དཀྲིགས་ཆེན་པོ
10,000,000,000,000,000,000 མི་འཁྲུགས
100,000,000,000,000,000,000 མི་འཁྲུགས་ཆེན་པོ
1,000,000,000,000,000,000,000 ཁྱད་འབྱིན
10,000,000,000,000,000,000,000 ཁྱད་འབྱིན་ཆེན་པོ
100,000,000,000,000,000,000,000 སྤང་རྟེན
1,000,000,000,000,000,000,000,000 སྤང་རྟེན་ཆེན་པོ
10,000,000,000,000,000,000,000,000 བེད་སྟེན
100,000,000,000,000,000,000,000,000 བེད་སྟེན་ཆེན་པོ
1,000,000,000,000,000,000,000,000,000 མཐའ་སྣང
10,000,000,000,000,000,000,000,000,000 མཐའ་སྣང་ཆེན་པོ
100,000,000,000,000,000,000,000,000,000 རྒྱུ་རིག
1,000,000,000,000,000,000,000,000,000,000 རྒྱུ་རིག་ཆེན་པོ
10,000,000,000,000,000,000,000,000,000,000 འོད་མཛས
100,000,000,000,000,000,000,000,000,000,000 འོད་མཛས་ཆེན་པོ
1,000,000,000,000,000,000,000,000,000,000,000 དབང་པོ
10,000,000,000,000,000,000,000,000,000,000,000 དབང་པོ་ཆེན་པོ
100,000,000,000,000,000,000,000,000,000,000,000 ལེགས་འབྱིན
1,000,000,000,000,000,000,000,000,000,000,000,000 ལེགས་འབྱིན་ཆེན་པོ
10,000,000,000,000,000,000,000,000,000,000,000,000 རྟོགས་འགྲོ
100,000,000,000,000,000,000,000,000,000,000,000,000 རྟོགས་འགྲོ་ཆེན་པོ
1,000,000,000,000,000,000,000,000,000,000,000,000,000 འབྱིང་རྡུལ
10,000,000,000,000,000,000,000,000,000,000,000,000,000 འབྱིང་རྡུལ་ཆེན་པོ
100,000,000,000,000,000,000,000,000,000,000,000,000,000 རྒྱ་རྟགས
1,000,000,000,000,000,000,000,000,000,000,000,000,000,000 རྒྱ་རྟགས་ཆེན་པོ
10,000,000,000,000,000,000,000,000,000,000,000,000,000,000 སྟོབས་འཁོར
100,000,000,000,000,000,000,000,000,000,000,000,000,000,000 སྟོབས་འཁོར་ཆེན་པོ
1,000,000,000,000,000,000,000,000,000,000,000,000,000,000,000 བརྡ་ཤེས
10,000,000,000,000,000,000,000,000,000,000,000,000,000,000,000 བརྡ་ཤེས་ཆེན་པོ
100,000,000,000,000,000,000,000,000,000,000,000,000,000,000,000 རྣམ་བྱུང
1,000,000,000,000,000,000,000,000,000,000,000,000,000,000,000,000 རྣམ་བྱུང་ཆེན་པོ
10,000,000,000,000,000,000,000,000,000,000,000,000,000,000,000,000 སྟོབས་མིག
100,000,000,000,000,000,000,000,000,000,000,000,000,000,000,000,000 སྟོབས་མིག་ཆེན་པོ
1,000,000,000,000,000,000,000,000,000,000,000,000,000,000,000,000,000 བྱམས་པ
10,000,000,000,000,000,000,000,000,000,000,000,000,000,000,000,000,000 བྱམས་པ་ཆེན་པོ
100,000,000,000,000,000,000,000,000,000,000,000,000,000,000,000,000,000 སྙིང་རྗེ
1,000,000,000,000,000,000,000,000,000,000,000,000,000,000,000,000,000,000 སྙིང་རྗེ་ཆེན་པོ
10,000,000,000,000,000,000,000,000,000,000,000,000,000,000,000,000,000,000 དགའ་བ
100,000,000,000,000,000,000,000,000,000,000,000,000,000,000,000,000,000,000 དགའ་བ་ཆེན་པོ
1,000,000,000,000,000,000,000,000,000,000,000,000,000,000,000,000,000,000,000 བཏང་སྙོམས
10,000,000,000,000,000,000,000,000,000,000,000,000,000,000,000,000,000,000,000 བཏང་སྙོམས་ཆེན་པོ
100,000,000,000,000,000,000,000,000,000,000,000,000,000,000,000,000,000,000,000 གྲངས་མེད 

转换模式：
1.在链接每个单位的文字时，中间不能有结束符号 ། ，因为这个符号只能用在完整转换的末尾，代表结束，比如：a+b+c=a་b་c། 且中间一定要用分隔符་隔开。
2.所有数字中只有10和100才需要加ཐམ་པ།这个读法。其他任何数字的转换结果都不需要加，比如1000，不能加，只能转换成སྟོང་གཅིག ，如果转换结束后最末尾是ག，也不能加 །，是为了容易混淆。
3.如果大于100以上的数字，只要字中包含数字0，那么就用དང་代替，也是为了不容易混淆。
4.所有大于等于一千的数位，都只能读作 སྟོང་གཅིག的形式，也就是说 数位的名称在前面，后面才是多少千的读法，ཁྲི་གཅིག འབུམ་གཅིག 等等。